(1)(program, 12, -1)
(2)(test, 18, 1)
(3)(;, 30, -1)
(4)(var, 16, -1)
(5)(a, 18, 2)
(6)(,, 28, -1)
(7)(b, 18, 3)
(8)(,, 28, -1)
(9)(c, 18, 4)
(10)(:, 29, -1)
(11)(real, 13, -1)
(12)(;, 30, -1)
(13)(begin, 2, -1)
(14)(a, 18, 5)
(15)(:=, 31, -1)
(16)(1.2, 20, 6)
(17)(;, 30, -1)
(18)(b, 18, 7)
(19)(:=, 31, -1)
(20)(2.3, 20, 8)
(21)(;, 30, -1)
(22)(c, 18, 9)
(23)(:=, 31, -1)
(24)(a, 18, 10)
(25)(+, 23, -1)
(26)(b, 18, 11)
(27)(;, 30, -1)
(28)(if, 8, -1)
(29)(a, 18, 12)
(30)(<, 34, -1)
(31)(b, 18, 13)
(32)(then, 14, -1)
(33)(a, 18, 14)
(34)(:=, 31, -1)
(35)(a, 18, 15)
(36)(+, 23, -1)
(37)(1, 19, 16)
(38)(;, 30, -1)
(39)(end, 6, -1)
